 Samples	Aq-O10-12123	Aq-O1-12113	Aq-O2-12114	Aq-O3-12115	Aq-O4-12116	Aq-O5-12117	Aq-O6-12119	Aq-O7-12120	Aq-O8-12121	Aq-O9-12122	Org-O10-12171	Org-O1-12161	Org-O2-12162	Org-O3-12163	Org-O4-12164	Org-O5-12165	Org-O6-12167	Org-O7-12168	Org-O8-12169	Org-O9-12170	Aq-H10-12128	Aq-H1-12108	Aq-H2-12109	Aq-H3-12110	Aq-H4-12111	Aq-H5-12112	Aq-H6-12124	Aq-H7-12125	Aq-H8-12126	Aq-H9-12127	Org-H10-12176	Org-H1-12156	Org-H2-12157	Org-H3-12158	Org-H4-12159	Org-H5-12160	Org-H6-12172	Org-H7-12173	Org-H8-12174	Org-H9-12175	Aq-N10-12134	Aq-N1-12102	Aq-N2-12103	Aq-N3-12104	Aq-N4-12105	Aq-N5-12106	Aq-N6-12130	Aq-N7-12131	Aq-N8-12132	Aq-N9-12133	Org-N10-12182	Org-N1-12150	Org-N2-12151	Org-N3-12152	Org-N4-12153	Org-N5-12154	Org-N6-12178	Org-N7-12179	Org-N8-12180	Org-N9-12181
Factors	Sample source:Hct-116 Colorectal cancer cells | Condition:Anoxia	Sample source:Hct-116 Colorectal cancer cells | Condition:Anoxia	Sample source:Hct-116 Colorectal cancer cells | Condition:Anoxia	Sample source:Hct-116 Colorectal cancer cells | Condition:Anoxia	Sample source:Hct-116 Colorectal cancer cells | Condition:Anoxia	Sample source:Hct-116 Colorectal cancer cells | Condition:Anoxia	Sample source:Hct-116 Colorectal cancer cells | Condition:Anoxia	Sample source:Hct-116 Colorectal cancer cells | Condition:Anoxia	Sample source:Hct-116 Colorectal cancer cells | Condition:Anoxia	Sample source:Hct-116 Colorectal cancer cells | Condition:Anoxia	Sample source:Hct-116 Colorectal cancer cells | Condition:Anoxia	Sample source:Hct-116 Colorectal cancer cells | Condition:Anoxia	Sample source:Hct-116 Colorectal cancer cells | Condition:Anoxia	Sample source:Hct-116 Colorectal cancer cells | Condition:Anoxia	Sample source:Hct-116 Colorectal cancer cells | Condition:Anoxia	Sample source:Hct-116 Colorectal cancer cells | Condition:Anoxia	Sample source:Hct-116 Colorectal cancer cells | Condition:Anoxia	Sample source:Hct-116 Colorectal cancer cells | Condition:Anoxia	Sample source:Hct-116 Colorectal cancer cells | Condition:Anoxia	Sample source:Hct-116 Colorectal cancer cells | Condition:Anoxia	Sample source:Hct-116 Colorectal cancer cells | Condition:Hypoxia	Sample source:Hct-116 Colorectal cancer cells | Condition:Hypoxia	Sample source:Hct-116 Colorectal cancer cells | Condition:Hypoxia	Sample source:Hct-116 Colorectal cancer cells | Condition:Hypoxia	Sample source:Hct-116 Colorectal cancer cells | Condition:Hypoxia	Sample source:Hct-116 Colorectal cancer cells | Condition:Hypoxia	Sample source:Hct-116 Colorectal cancer cells | Condition:Hypoxia	Sample source:Hct-116 Colorectal cancer cells | Condition:Hypoxia	Sample source:Hct-116 Colorectal cancer cells | Condition:Hypoxia	Sample source:Hct-116 Colorectal cancer cells | Condition:Hypoxia	Sample source:Hct-116 Colorectal cancer cells | Condition:Hypoxia	Sample source:Hct-116 Colorectal cancer cells | Condition:Hypoxia	Sample source:Hct-116 Colorectal cancer cells | Condition:Hypoxia	Sample source:Hct-116 Colorectal cancer cells | Condition:Hypoxia	Sample source:Hct-116 Colorectal cancer cells | Condition:Hypoxia	Sample source:Hct-116 Colorectal cancer cells | Condition:Hypoxia	Sample source:Hct-116 Colorectal cancer cells | Condition:Hypoxia	Sample source:Hct-116 Colorectal cancer cells | Condition:Hypoxia	Sample source:Hct-116 Colorectal cancer cells | Condition:Hypoxia	Sample source:Hct-116 Colorectal cancer cells | Condition:Hypoxia	Sample source:Hct-116 Colorectal cancer cells | Condition:Normoxia	Sample source:Hct-116 Colorectal cancer cells | Condition:Normoxia	Sample source:Hct-116 Colorectal cancer cells | Condition:Normoxia	Sample source:Hct-116 Colorectal cancer cells | Condition:Normoxia	Sample source:Hct-116 Colorectal cancer cells | Condition:Normoxia	Sample source:Hct-116 Colorectal cancer cells | Condition:Normoxia	Sample source:Hct-116 Colorectal cancer cells | Condition:Normoxia	Sample source:Hct-116 Colorectal cancer cells | Condition:Normoxia	Sample source:Hct-116 Colorectal cancer cells | Condition:Normoxia	Sample source:Hct-116 Colorectal cancer cells | Condition:Normoxia	Sample source:Hct-116 Colorectal cancer cells | Condition:Normoxia	Sample source:Hct-116 Colorectal cancer cells | Condition:Normoxia	Sample source:Hct-116 Colorectal cancer cells | Condition:Normoxia	Sample source:Hct-116 Colorectal cancer cells | Condition:Normoxia	Sample source:Hct-116 Colorectal cancer cells | Condition:Normoxia	Sample source:Hct-116 Colorectal cancer cells | Condition:Normoxia	Sample source:Hct-116 Colorectal cancer cells | Condition:Normoxia	Sample source:Hct-116 Colorectal cancer cells | Condition:Normoxia	Sample source:Hct-116 Colorectal cancer cells | Condition:Normoxia	Sample source:Hct-116 Colorectal cancer cells | Condition:Normoxia
1_3_5-Trimethoxybenzene	530	570	598			490		276	374	412	266	518	446	866	436	402	622	294	298	260			476	596	294		608		498				646		510		248	208	416	384	962	534	310		456	700		646			612	512	574	582			526	606	266	438
1_3_7-Trimethyluric acid	452	368	760	316	430	402		404	464												464	480		304	560			726	426	392											466	382				534	490		324	572										
1_3-Dimethyluracil											344	458	912	426	968	1106	596		740	668											918	1012	730	820	716	862	850	254													634	324	944		818	894	966			558
16-Dehydroprogesterone												404	450	528	246	416	376	404	278													518	946	528																		460	682	568	394	498		296	440	
17a-Estradiol											566		744	314	454		332	612	356	314											470		316		362	366		424	738	262												774	404		344	326	1154	440	412	776
17-Epiestriol	748	818	736	492	548	780	742	918	804	562	1096	746	686	398	654	574	574	886	668	518	760	848	670	732	688	558	1046	780	622	722	572	902	950	624	650	728	420	494	728	656	802	1356	792	780	1132	632	600	666	730	874	594	650	754	726	506	1156	826	614	648	896
17-Hydroxyprogesterone											1632	1528	2038	1868	1784	1668	2070	2058	1726	1722											1698	1946	1656	1740	2048	1866	1522	1672	1364	1406											1750		1808	1834	1706	1916	1918	1702	1404	1538
2_3-Diaminopropionic acid	1408	1478	1584	728	1492	1006	808	1400	1024	1208	3012	8132	4208	4272	5044	7612	7064	3894	5108	6638	11194	17248	12682	13506	13650	8596	9004	11660	7736	11508	4520	10468	11262	8168	12156	3942	4848	8012	7012	6170	9568	8786	7862	14944	12884	10748	9566	9002	10862	12936	13080	6972	9686	11476	13156	14998	7918	5286	8684	14210
2_4-Diaminobutyric acid	2704	2700	3560	2774	2556	2368	2244	3042	2820	2140	8536	8658	8612	9420	10298	8854	10428	8390	9278	8500	5270	6070	3946	7896	6002	2962	5398	4396	3708	4938	5740	2778	2514	2116	4220	1230	1832	2464	2064	992	5594	3194	3748	8564	4898	6494	4906	3886	3854	4488	7266	2050	2898	6270	4118	9868	1904	1478	4772	7570
2_4-Dichlorophenol	404	706	410	430	582	624	232	568	402	564											532	552	480	572	406	628	404	256	562	656											378	328		336	558	376	400	394	504	332										
2_5-Furandicarboxylic acid	684	1002	386	892	406			574	504	928												390			620		1112		388													524		1102	570	1156	646	546	1144											
2-Amino-3-phosphonopropionic acid	418		530	494		452	596	464	332	614											348		310	514	602		700	418	258	342											1022			664	820	624	810	546	878	1250										
2^-Deoxyguanosine 5^-monophosphate	610	470		364		292	304	390	470												640	468			320		200	400	468	322											1000		208	244	656	670	554	572	498	778										
2-Ethyl-2-hydroxybutyric acid	460	260	332		300	274	512	652	432	282	510	496	526	258	244	620	500	402	580	356	546	302	278	520	598	384		420	342	552	606	268	344	376	348	424	472	486	514		304	458	426	418	392	632	316	430	240	380	394	556	468	278	396		462	300	392	464
2-Furoylglycine	2058	1676	2442	1776	1832	1814	1802	2206	2054	2034	308	524	576	820	544	838	392	438	258	764	1756	1724	1794	1984	1878	2214	2270	2090	2392	2182	616	1012	1348	1562	924	500	560	358	378	518	2072	1594	2316	2062	2234	1846	1946	2208	2148	2632	506		1084	1200	854	676	488	652	566	508
2-Hydroxy-3-methylbutyric acid	1766	1636	1450	1182	1572	1320	1172	1710	1582	1550											1886	940	814	1498	938	1064	1216	1288	882	1132											876	984	878	830	1232	1396	1452	1420	1214	1742										
2-Hydroxyadenine	8486	8986	8144	13102	11640	5962	4680	10642	8906	8738											16338	19510	13752	32854	10156	4890	13052	7728	10120	29280											29338	7334		19150	10056	12412	10956	13932		7486										
2-Oxoarginine	572	554	502	328	344	468	440	542	850	548	426		416	624	200	550		424	434	626		500	604	670	928	626	344	486	336	266			440	740		486		596	424	482		470		302	378	384	884	294	554	706	412	380	354	518	542	370	770	380		490
2-Phenylbutyric acid											368	306	530	356	692	478	572	374													398	238	238	418	424	352	428	456	436	338											422	496	362	238	658	764	322	446	568	578
3_4_5-Trimethoxycinnamic acid	3262	3154	3226	3738	3734	3894	3388	2790	3774	3408	3244	3624	4604	3218	4082	5112	4146	3614	4288	4810	3970	4074	3558	3442	4242	3818	3362	3556	2936	3676	3826	4752	4380	4032	3904	2858	3708	3386	3690	3908	3902	2998	4166	3704	3290	2416	2854	2968	2948	3940	3596	4922	4090	3796	4494	4130	3426	4042	3960	3526
3-Hexenedioic acid	24820	21056	20142	22056	17596	19524	11108	30034	23544	29880											18054	8226	7794	6310	9418	5272	15410	9980	13084	4524											14728	12512	5336	2788	13102	14094	6930	9270	14224	12628										
3-Hydroxyanthranilic acid	460	416	410	644	558	382		396		372											798	392	494	314	920	682	422	420	326												1676	722		762	1078		922	400	406	1344										
3-Methylindole	4312	5262	5566	3554	5074	4022		5126		4620											5430	2508		2916	2812	1532	3654	4478	3400	4716											4016	3452	2258	2614	3498	3754	4466	4178	3296	4184										
3-Nitrotyrosine	670	556		362	516	382	352	526	672	586											704	442	444	690	546	1064	356	290	352	770											670	516	524	434	452	480	608	376	536	500										
4-Aminohippuric acid	3732	2800	3270	3518	3682	5734	3926	2292	3562	4706	5472	2628	4902	2150	3372	3818	2398	6666	3878	1430	4226	2688	5704	5038		7376	3698	5440	5236	5576	2760	4828	2502	2198	3034	3376	3472	4350	6686	3710	2088	3492	5528	4094	4572	4072	2046	5738	2468	3868	1728	8320	3580		3644	4118	3636	4776	4566	2532
4-Methylcatechol	510	630	386	484	510	674			526	616		488	476	658			360	314			630		550	432	482	474	558			542	434	544			702	490		672	274	368	634		432			394	532			490			474		462	370	402	532		
4-Pyridoxic acid											542	780		1174	474	884	534														926	808	594		818	914	602		1594	690												496	1100		2386	1770	1010	780	516	460
5-Aminolevulinic acid	754	590	814	408	730	888	248	898	902	662											784			366	908	274	628	658													908			806	1036	874	838	582	532	866										
5-Dodecenoic acid	318	402	420	574	462	290	524	466	478	446	338	316		300	344	292	632	238		384	406	334	388	596	490	352	296	574	316		274	346	536	252	614	440	280	354	246	376	366	310	764	248	494	510	376	266	632	466	210	566	370	332	384	270	426	384		512
5-Hydroxy-L-tryptophan	652		702	670	630	644	392	406	494	498											542	472	504	574			544	644	384	546											548				664	278	432	694	900	752										
5-Hydroxylysine	596	1098	712	596		584	654	708	996	1036	444	952	1064	516	500	1072	584	874	374	424	784	750	1050	524	770	734	884	718	912	664	428	718	618	1102	384	602	418	436	410	484	464	602	746	804	586	1024	752	552	642	800	456	786	704	714	648	578	1112		526	514
5-Hydroxytryptophol	464	568	824	662	500	360	646	622	920												674		306	436	1076		1328	592	438	436											1186				1060	1668	1170	280	514	2228										
5-Methoxytryptophol	2964	908	2602	2796	3440	3810	2662	2946	3266	4988	4440	1034	2046	532	892	2594	2120	2864	1238	2390	1186	872	1228	2684	4590	2832	2892	1104	3016	3536	1376	980	638	1502	808	862	952	2386	4582	1730	3098	1954	4248	1542	2460	3656	762	5134	1368	4184	978	5552	1556		1076	2320	786	3326	2622	1842
5-Methylcytidine	1524	808	718			808	614	820	750												182	2416	1430	460	648		1018	678	404	430													1624		608	336				320										
5^-Methylthioadenosine	591248	536326	564856	430290	355552	699106	569204	755096	761136	610672											640288	83148	17654	33046	177722	22344	111874	309694	439452	580726											67494	5256	18238	5842	30050	49904	36062	34176	103942	57236										
5-Phenylvaleric acid	368	354	378	622	376	526	454	416	646	610	290	712	368	578	516	360	284	490	766	640	440	400	464	532	828	550	406	638	386	440	274		214	212	400			396	164		338	698	488	448	442	504	412	636	356	496	520	410	394		250	724		264	184	592
6-Dimethylaminopurine											910	434	820	878	1060	1298	744	814	802	506											894	1028	498	1316	722	798	616	722	770	906											720	762	1102		890	762	986	620	842	876
7-Methylguanosine	1492	818	1018	1336	884	912	1028	1040	1002	1190													400		772	872		1048	880												1134		846			934	1150	924	782	1536										
8_11_14-Eicosatrienoic acid		708	1068	632		618	688	572	756	720	1794	1058		1092	1468	932	1554	1182	1226	1094	522	906	836		658	716	776	508	718	526	1238	1820	870	1428	2312	1762	1264	1158	1956	1052	462	1226	1302	886			570	548	538	480	714	1854	898	1274	1930	1590	1560	938	1134	1452
Adenine	36896	33266	38652	30812	29698	24030	27872	36394	30238	38470											33496	12964	13362	9908	29074	8698	42628	26470	22798	14402											17738	6446	19264	20198	39780	33362	21268	30340	21096	16760										
Adenosine	116182	51894	59684	159270	116174	32040	16240	185508	179350	174704	1420	270	212	3424	856	174	460	2224	2288	3332	28552	42110	105198	168454	22662	31310	25916	16372	131022	50238	370	620					432		916	1302	93700	62898		28044	29808	27224	38184	68532	67776	30756	608				1646	474	694	720	1440	
Adenosine 3^_5^-diphosphate	75684	65526	82256	85710	69262	53684	58240	67388	63026	79508											37868	19754	4544	7534	69182	4838	57366	32550	34872	13410											93746	21614	49858	29508	66814	77948	98240	27978	90296	74164										
Adenosine monophosphate	15646	16712	15528	16848	19220	11850	13686	14996	17738	17134											13274	8196	7010	6708	14126	2612	14354	10932	7856	6014											33152	12558	12802	7236	21804	26608	24604	11286	21508	36624										
Adenosine triphosphate	4016	4226	4448	4012	3474	3898	3650	3590	4284	3538											2158	2472	3094	4186	5370	2336	4672	2296	1596	1222											24512	13436	3090	2734	13724	15294	11978	1260	3932	14914										
Adenylsuccinic acid	662	570	918	628		520	316	632	688	932												722	2020	4670	580		6844	718	326												842				570	758	996	478	582	918										
ADP	1408	1048	1324	832	1070	1524	1532	1004	1886	1564											1318	398	502	690	1146	386	1196	1074	556	924											8308	846	488	1048	2022	2188	3622	1096	3426	8672										
Allantoic acid	1036	254		320	626	768	834	578	584	790											640			160		496	704	512	370	446											590				650	364	480	724	378	356										
All-trans-retinoic acid	706	452	624		394	446	554	452	434	488											418	890	786	816	614	590	502	680	512	626											574	774		898	610	780	272	514	548	488										
Allyl isothiocyanate	500	528		506	534	490	486	530	482	556											572			456	660		522	734	624	456											778	442		588		1036	968	266	610	756										
Alpha-Aspartyl-lysine	2110	2908	2756	1878	1928	1384	2246	1842	1986	1378	1874	3712	3226	2642	3648	3116	2740	2144	2260	2520	2384	2270	1836	1540	1986	1468	1748	2056	1506	2234	2214	3092	2662	3552	2530	2312	1964	2520	2136	2494	3586	2566	2376	2552	2190	2102	2118	2554	2058	2276	2670	2172	2522	432	2618	3150	3384	1716	2602	2516
Alpha-hydroxyhippuric acid	586	412	674	958	420		558	814	552	784											448	670			668		556	436													574	872	594	506	1078	718	606	584		592										
Alpha-N-phenylacetyl-L-glutamine	1500	1766	2310	1130	1376	1266	1194	2270	1842	2480											1246							906	1214	1016														776				1672	1024	792										
Aminoadipic acid	626	794	1032	390	628	406		552	510	668											1700	604	350	474	1984		1740	910	552	410											5110	504		1300	4420	6630	4736	434	1814	4874										
Androstenedione	916	634		754	708	936		1078	726	588	870	666	766	1064	854	778	1084	922	658	984	742	1060	752	826	902	626	604	842		594	914	854	1126	1306	1222	1066	948	796	900	940	612	918		882	788	662	692	668	634	534	930	1004	702	670	878	788	1122	814	1074	800
Aniline	1148	916	1012	972	1002	992	1076	1480		776											986	360		802	448		658	848	660	872																530		686	472											
Aspartame		1080	1026	604	926	984	940	878	1300	1124											1160	5378	1010	2450	1360	490		1134	850	1178											1830	9272	3098	1236	1748	1226	1320	1324	1268	1890										
Aspartyl-lysine	538	392	522	598	488	572	526	930	514	550	1672	2598	2150		2208	2210	1864	2780	2220	2190	378	320	378	360	538	632	538	502	346	542	2786	1602	1300	1280	1638	1010	1228	1898	992	918	394		386	428	600	344	542	700	570	450	2814	1364	2138	514		3150	1274	1424	2474	2592
Aspirin	1102	434	786	530	730	322		342	410	636	658	390	878	496	562	816	636	560	574	322	572	524	1788	1086	1228	1622	564	954	574	796	688	668	906	934	678	826	590	752	886	520	494	204	494	848	544		616	912	740	1048	568	948	678	630	672	1282	722	890		610
Atenolol	792		644	674	812			1020	966	588			8612	9442	8792	9526	9152	6796	7018	7944	856	760	764	842	1118	852	778	840	696	880	6698	9050	9242	8740	9344	9288	7720	7110	7110	9192	1020		770	970	926		572	1064	764	652		9060	10124	9776	528	9606	8942	10892	9308	7660
Azelaic acid	1742	1580	970	1680	1314	1388	1420	1506	1244	1776	1326	1208	714	970	1224	1056	780	582	902	1306	1266	1146	1658	1314	1650	1378	1682	1570	1200	1414	704	1286	1318	1484	1192	1008	1204	1088	1128	1082	1952	1528	1300	1296	1328	1546	1272	1298	1478	1122	1356	792	888	1538	1206	992	988	1338	826	984
Benzene											600	880	1002	832	742	1082	668	724	580	864											908				566	286		348	354	524											736	494		558	418	730	520		704	608
Benzenebutanoic acid	1786	1306	1596	1578	1940	2318	1292	1680	968	2358											1440	1162	2166	2156	2108	1832	2186	1910	1308	1596											1520	1488	2972	1486	1966	1630	1392	2138	1242	2310										
Benzoic acid	576	622	1208	748	656	282		372		272													718	396	432	522	542			514											492		876	476	510		434	342	796											
Betaine	5084	3070	4290	7678	5170	2878	2532	3450	4030	4062											3904	1342	558	1278	1974	556	2852	1822	2804	2220											4578	3638		1686	4988		4324	1888	3410	3374										
Biotin	756	1002	1306	908	824	676	958	710	722	514	526	716	546	452	630	870	736	750	958	390	958	1138	758	740	910	592	1080	1044	730	622	508	810	550	816	620	578	654	476	686	502	636	1236	962	804	850	878	986	442	506	1020	556	650	804	784	1234	502	870	300	374	564
Canavanine	1108	2356	1550	1614	1314	1368	1570	1158	1292	1374											2638	1936	1882	1450	1452	1650	1006	1788	1424	1088											1268	1444	1446	2142	2350	1278	612	1502	1104	1522										
Capric acid	878	706	582	698	1282	634	908	650	770	786	516	748	936	662	668	860	1122	438	342	438	566	1010	734	686	896	1138	808	1036	472	812	794	798	894	528	700	528	546	662	844	474	938	964	662	818	840	682	736	724	824	710	716	630	560	676	398	712	504	456	618	704
Chalcone	534	442	506	448	440	442	552		276	522											466	350	352	532	646	414	622	442	472	460											438	296	400	576	430	338	416	554	448	410										
Chenodeoxycholic acid	6566	6818	4780	6784	5936	5008	5502	5726	6544	5290											4282	5572	5766	6574	6322	5562	4680	6530	5880	6548											7366	8378	7316	5470	6994	5208	5272	6716	5460	6254										
Chlorpheniramine	1480	1244	672	646	1178	1508		2792	2450		468		570	384		702	208		674	188		566	518	748	958		962	848	836	458	692	484	832		288	1024	496	340	388	362				1094	562	294		776			262	414	872		962	506		558		286
Citicoline	2604	1596	1720	2056	1708	2002	1502	2660	3550	3710											2816	458	688	622	1516	982	1414	2764	2452	856											2124	404	372		788	2162	1164	1752	1466	1768										
Citric acid	2580	4930	2024	5178	1552	1354		2836	1434	4000											1752	2984	1600	1204	3906	492	6266	1538	1574	590											2566	2612		4856	2556	8796	2768	2730	3772											
Cotinine	1412	1326	2206	1244	1672	1312	1552	1720	1668	1744	1692	1212	1370	988	1334	1912	1248	1676	1454	1630	1978	732	754	1136	1304	898	1440	1764	1834	2032	1832	1946	1518	1682	1622	2308	1376	1558	1636	1546	1040	744	870	1134	1512	1092	1360	1472	1012	1428	1616	1296	2424		2174	1396	1848	1150	1424	1362
Creatine	7506	4818	5846	8830	6460	5750	7066	6890	8678	8216											8052	1870	1662	4320	4084	916	6246	6468	3832	5434											28950	4828		9422	11318	14540	13606	4618	11548	27110										
Creatinine	350	718	624	532	556	782	588	772	790	636											1210		636	894	856	490	686	890	582	836											1354	1340		1238	1068	1050	992	796	1132	1168										
Cyclic AMP		1172	1316	698	982	462	1054	730		1046											682	3708		1840	858	482	1046	872	772	462											1968	1428			1282	1792	1178	1322	1196	1478										
Cytidine											3506		1112			970	294	1140	320	764															418	410		3314	4322	912											362	13834			254	496		2640	3124	464
Cytidine monophosphate	4466	2936	4366	4058	3988	3036	3664	3488	3650	4918											3766	2392	2296	1704	5190	832	3574	3078	2398	1172											3728	1172	1874	1632	3140	3518	2526	2556	3416	4302										
Cytidine triphosphate	440	302	502	422	410	520		300	540	354											222	220	244	206	744	384	568	350	286	154											432	526	308	286	584	572	540	294	614	452										
Cytosine	3394	1970	2762	2996	2648	2030	2794	2520	3772	4314											2150	1284	1654	1342	3956	1006	2214	1816	1638	644											3500	1628		1114	2408	2888	3536	1400	2402	2880										
Daidzein											458	804	606	338	742	424	506	564	506	578											528	394	642			572	504	484	618	618											588	940	520	696	492	584	486	578	394	432
D-Arginine	11126	8156	10274	7974	7698	9720	9178	13528	12828	12802											12828	4354	4292	6732	6008	5220	7110	10344	8768	8708											12054	9086		7876	8406	4296	7626	8218	8226	16204										
D-Cysteine						322																						298													2900			1426	1740	1070	1144	822	2566	3224										
Deoxycytidine	694	1144	1292	752	688	954	934	1016	890	966											752	120	476	384	772	452	668	790	410	508											512	390	270	276	700	616	966	378	190	292										
D-Glucurono-6_3-lactone	602	424	506	628	548	620	1950	706	464	540											656	308	516	446	600	556	416	562	566	572											422	260	1428	496		452	482	422	482	532										
Diaminopimelic acid	1886	1414	1284	1482	1638	2062	1634	1876	2040	2426	1554	1426	1654	1364	1642	2038	1602	1796	1714	1796	1410	1492	1600	1348	1984		1378	1358	1818	1270	1494	1742	1646	2364	1998	1382	1364	1886	1500	1356	1244	1732	1628	1314	1578	1416	1530	1476	1460	1226	1612	1652	1684	1850	1530	1690	1854	1714	1816	1324
Dihydrothymine											748	876	838	558	1162	814	758	818	972	970											974	992	708	656	692	492	1130	660	304	780											956	348	1016		1020	896	1202	462	548	514
DL-2-aminooctanoic acid	10068	8106	7624	14052	8714	6650	11302	11252	13466	13900											9182	2576	1990	2744	5210	1426	6496	7312	4758	2066											15942	2752		2956	5906	8994	5806	3324	8702	11846										
DL-Homocystine	498	556	478		606		588	394	542	528		560	424				216	416	236	404	534	516	464	440	554	420		462		464	280	452	524	350	328	258	370	300	568		842	640	716	802	664	552	460	424	606	720		596	664		694	342	518		296	
D-Lysine											326	476	656	340	390	620	450	392	514	240											490	452	332	302	146	270	590	288	320	276											312	412	344		276		460	556	312	558
Dodecanoic acid	874	1006	608	1040	1046	1020	1406	918	1122	1038	1358	1906	1272	1530	1280	1634		984	1166	1074	1114	1212	1012	1088	894	1032	938	1154	1192	1092	1734	1006	912	716	648	990	540	774	866	568	1156	834	918	1124	634	1110	1508	906	1210	1290	1780	872	1372	554		1614	494	840	1220	1248
DUMP	1360	880	1392	1152	1036	1050	842	1466	1196	1460	240		312	260	314	408	446	326	432	570	1022	930	942	1164	798	1148	1030	1218	1276	1116		358	748		166	726	516	334	380	528	884	762		874	832	516	890	1468	1068	888	254	422	298	318	354	630	534	556		582
Elaidic acid	410	562	596	518	614	506		400	348	448	548	272	356	354	300	416	386	428	276	402	282		326	492	502	468	436	458	436	556	458	420	480	710	448	338	356	480	524	422	282	844	2942	736	198		446	464	436		514	598	512	490	298	254	298	370	388	212
Epiandrosterone	1276	1380	1054	852	1418	936	1112	872	802	1220		890	1196	2026	1014	2376	1050	920	664	1042	1462	1068	1132	754	1124	842	926	1232	1328	1366	930	1196	774	478	700	628	502	504	512	424	1500		972	1412	1130	814	846	1800	858	1032	926	812	1154	666	966	1130	652	964	846	1190
Estradiol	534	598	628	878	752	524	546	474	720	498	384	664	578	496	574	382	660	446	458		536	796	520	424	442	790	514	484	560	308		282	552	452		548		266	212	336		458	844	578		766	380	400	572	554			444	476	470	602		528	436	630
Estriol											602	894	756	636	908	784	614	952	620	728											574	782	796	916	1248	812	876	704	640	762											806	962	946	588	720	814	834	602	888	528
Ethanolamine	1220	1796	1908	968	1862	974	992	1576	1236	1354	1200	1922	1918	1056	1380	1710	1420	1778	1102	1228	1444	1452	2206	1412	1526	946	1100	1860	1154	1202	2004	1878	982	2112	1328	1546	878	1092	1388	918	2120	1730	2388	1858	1686	1568	2194	1600	1524	1494	1282	2410	2252		1772	1750	1528	1238	1482	1240
FAD	2866	2188	2918	2362	2472	2084	1988	2082	2592	2724											1778	1588	1306	1248	2310	442	2112	1900	1004	1028											7378	2914	1990	1304	4064	4790	5198	2174	3666	6164										
Flavin mononucleotide	2396	3150	3350	3088	2160	1996	2392	2804	2336	2912											2018	2698	2096	3314	3858	1044	3032	2576	1128	1730											7218	5796	4912	2668	6080	7944	5004	2270	3546	5528										
Gamma-Glutamylcysteine	1980	1534	2772	2140	1688	1780	2040	2020	1576	2350											4464	4366	3750	2804	9730	880	8556	5896	936	1868											16242	7284	11450	8676	11454	13296	16406	7402	8392	19316										
Gluconolactone	518	646	432	740	428		704	678	464	390											428	466		408	730			476		332											1432	466	332	1062	930	900	1122	688	800	820										
Glutathione	113056	67438	72426	89830	85298	96344	85796	100828	103686	96732											96148	91712	52770	66712	124746	1284	122844	61724	32814	55856											757750	279810	150552	697590	768772	784086	731590	252436	739714	776190										
Glycerophosphocholine	35564	24010	24670	33218	27080	31846	28714	29810	32156	37492	2810	1562	1986	3420	2504	2988	5362	3128	3464	2712	20104	6078	9240	9140	12794	6190	20620	18210	18632	5038	1902			542			898		1062	518	3386			1714	3508	4464	5344	2782	3962	3408	5622				320	2180	440	332	2330	4470
Glycine	1772	1406	1858	1310	1676	1716	1836	2108	1682	1556											2744	1154	1284	1704	1904	1314	2172	2144	1384	2456												896	1144	824	2060	1384	1550	494	538	1122										
Guaifenesin	724	448	780	810	406	414	610	724	588	688	542	566	854	674	686	502	812	530	584	586	364	780	542	570	748	470	528	978	752	674	484	600		610	632	806	680	628	526	688	544	488	388	686	620	552	574	586	496	678	784	542	460	530	564	530	460	506	738	382
Guanidine	1130	1060	1192	1038	628	1266	1468	1492	1400	1512											1032	660	724	768	734	648	1626	1188	1010	722												958		784	682	776	898	740	864	1580										
Guanidinosuccinic acid	5840	20372	22894	6998	15602	4572	8574	15950	9538	6950											26372	12038	10280	36506	11594	8426	14304	28478	15286	20176											12456	12594	10384	20396	10410	5774	5854	15266	3234	7230										
Guanine	10498	9388	13390	7676	11776	8620	3768	9354	7272	9446											4850	6718	1510	2822	13718	1506	15448	7948	7110	8038											4754	2746	6042	6602	15280	15008	6534	7298	3948	4592										
Guanosine	2548	2658	2494	4100	4570	2016	1264	2924	2384	1844											4938	4740	6214	13358	4394	2174	2980	3454	3762	13906											8634			5428	3964	4152	4630	4762	2618	1638										
Guanosine 5^-diphosphate	13242	16552	14272	21350	12708	11370	6406	13946	12952	14294											6266	5488	1918	2554	15936	1304		5602	3780	4242											17156	4378	6018	9100	14120	17930	22484	7376	18032	14436										
Guanosine 5^-triphosphate	1456	1370	1320	1618	1206	1450	1192	960	1570	890											984	644	812	1564	2720	492	1634	1066	554	392											5928	2758	478	964	4048	5864	2982	700	1358	4544										
Guanosine monophosphate	14506	14310	18558		15820	11506	5264	11698	11004	16196											8136	9848	732		19558	1698	24040	13586	11372	13058											7734		7412	9008	22148	24246	9356	9662	6258	5924										
Hippuric acid	7448	6406	7596	5902	6298	5564	7432	7336	7946	6426											9326	1688	1696	4766	1818	1916	4254	4518	3572	4738											4746	1576	2210	3332	2712	2614	3240	3292	3662	3494										
Homocysteine	1254	1616	1284	1708	1096	1250	1276	1502	1622	1464											1564	814		1236	1522	740	1922	1386	844	1158											2598	1986		2236	2568	2308	1714	918	2638	3196										
Homovanillic acid											626		538	936	634	502	970	360	674	468											542	656	872		530	486	520	484		480											894	476	1088		972	780	638	470	444	784
Hydrocinnamic acid	490	522	764	432	432	522	790	590	714	606											416	474	488		516	564	604	428	614	584											490	520	476	430	442	764	374	636	658	608										
Hydroxyphenyllactic acid	568	728	678	834	580	608	644	714	992	536											1030	712	852	570	832	600	440	1454	762												654	916	722	974	732	572	902	792	532	664										
Hyodeoxycholic acid	574		656	600	494		730	590	336	476	736	4088	6196	9362	5926	6922	2212	1020	836	1204	466	676	924	884	994	736	466	486	474	326	1848	6174	4866	5748	3384	6244	584	624	428	740	430		698	724	706	706	654	612	496	462	2994	5838	5544	5818	6088	9746	2640	4196	3854	4288
Hypoxanthine	4016	1708	2592	3894	2094	3832	2026	4024	2206	4076											9220	2994	3408	4238	1300	2400	2852	3780	2642	2604											760	1066	2854	1616	1426	2720	568	1434												
Ibuprofen											518		652	556	480	1046	1058		928												618	738	636		712	872	442			700											1210	5442	898		1156	1414		826	1250	858
Imidazoleacetic acid												628	884	562	630	480	396	458	822	744											460	1138		1132	914	1014	1170	894	668	608												958	1072	1038	896	720	382	898	994	
Indole	28270	27052	32040	22300	24438	26182	25810	31948	28810	27802											32618		5698	21486	19706	7208	22340	22386	20058	23996											21290	16374	12984	18396	20182	19994	22200	23226	17612	21924										
Indoleacetic acid	502	494	592	452	512	724	958	782	812	534											1798	326		174	492		664	884	474	1276											10600	332	530	5760	3674	2704	3260	3494	6342	9328										
Indoleacrylic acid	114542	113232	124326	94898	102888	100946	94138	125280	117734	122660											122770	57352	27874	79284	71340	35780	95088	99280	84168	101398											90914	68052	53052	69118	81406	87254	103500	93088	76912	99248										
Indolelactic acid	684	750		558	316	824	786	982	654	856											1102	254	1010	970	904	256	968	892	448	1522											2556	490	590	2318	3128	2536	1758	960	1618	2148										
Inosine		1900	2002		2230		930	918	1102												3580	1934		4854	2698	878	2476	4958	2004	1638											6540			4912	3672	3566	2100	3134	1100	2978										
Isovalerylcarnitine	60526	102512	130234	57886	60328	47952	50380	55674	68332	66400											72192	8220	7704	18322	49122	12386	57256	43096	28506	43778											353186	31222	16922	120684	125216	214358	142536	87954	196504	509386										
L-Acetylcarnitine	389198	288106	298250	323758	245508	283188	189704	377586	366282	440826				2048	978		8228	2628	1836		253964	115122	109720	91940	119732	80138	184390	124870	173560	89018							2142		582		241064	195484	80508	50444	204394	213122	114180	147618	222642	162274							1228	1466	674	
L-Alanine	1678	2430	2506	1570	1314	1358	1354	1976	1626	1936											1126	520	448	1998	2866		3074	1044	1208	1740											2868	320	974	1636	3682	3726	3518	1424	1954	6952										
L-Arginine	3622	2672	3762	1688	3038	3068	3298	4108	5066	3322											2904	352		832			460	2108	2376	2944											398	322	490	854	516			1298	698	296										
L-Aspartyl-L-phenylalanine	3130	2622	3770	2622	3024	2978	2780	3908	3234	3266											2126	418		516	718		806	2642	1854	1530											210		614	924			764	1716	308											
L-Carnitine	11002	12476	15172	20544	15552	11372	13168	15214	18910	16840											14920	2624	2514	3222	11302	3076	7816	10050	10260	3684											19150	5452		12756	15552	11890	12020	5992	11782	13772										
L-Cystine	1718	1752	1772	1932	1158	328	638	772	1022	1174	474	332	544	350	350	620	356	360	378		644	772		1240	650		1346	258	1028	450	574	376	464	758	280	280		850	764												294	2212	522	518	558	440	434	666	568	482
L-Dopa											1932	1840	2264	1830	2278	2960	2272	3608	2360	1550											2634	2984	1754	2202	2962	2730	1698	1924	2416	3352											1832	2670	3896		2674	2044	2652	1888	2108	1530
Leucinic acid	476	236	406		494	320	682	374	902	482	680	420	540	428	778	424	386	498	282	388	510	988		412	462	342	438	720	468	398	452	452	504	384	930	586	470	574	406	376	572	778	508	574	612	430	426	666	354	742	660	366	700	458	392	574	384	684	500	464
Levulinic acid	982	820	850	898	934	866	890	796	1310	998											1320	710	352	986	458	358	696	1004	776	1158											962	608	460	568	870	692	1084	888	826	748										
L-Fucose	974		850	916	1380	1292	860	1366	886	952	5716	6342	5580	5110	5188	4870	7132	6468	5834	4208	702	1676	1260	1560	990	1154	1044	718	708	750	3816	1338	1318	1186	2022	830	1864	1642	1390	1240	804	1342	1018	1210	852	674	598	526	672	612	3858	2200	1454	1536	2410	2016	1792	1280	1326	3528
L-Glutamine	636	338	388	644	254	314		466	418	470											440				548		498	238		188											622	982			602	386	616	342	486	394										
L-Histidine	522	392	486	612	432	356	566	586	730	286											374	136	222	172	376	254	342	382	392	406											120	606	312	396	354			524	302	242										
Linoleic acid	324	822	494		560	452	700		744	488	874	868	1384	1234	1102	1316	1154	1442	976	1800	720	374	474	610	396	640	756	506	434	378	928		346	304		202		138			596	646	986	550	460	478	642	678	476	744	1280		236		204	1058			1006	1382
L-Kynurenine	810			898	1012	1206	818	1236	1144	778											634	910	422	558	522		664	642	524	1000											950	1142	612	550	958	540	1020		1184	1210										
L-Leucine	4648	6982	6338	3994	6412	4914	2698	6160	6170	4582											5728	2672	2572	4226	4134	2366	4788	4888	4330	4468											7294	3400		3418	5380	6546	5158	3586	3158	5142										
L-Malic acid	752	786	1148	912	942	488	1100	434		820											986	846	948	480	1498		1236	830	696	1308											938	982	1292	1206	1372	746		890		588										
L-Methionine	2538	2752	2638	2750	2588	3320	3118	2844	2624	2378											2750	1666	1590	4362	2590	2204	2088	2158	2098	2608											1552	3242	2190	2136	3820	3344	3826	2094	1616											
L-Norleucine	934	682	568	962	686	706	716	708	786	642											776	702	1134	3310	966	342	786	654	642	502											1394	6260	1296	534	766	760	730	1600	696	744										
L-Phenylalanine	30450	27958	31110	29358	28632	25672	25682	33748	29902	32254											34116	18314	11228	23260	20794	13414	26888	22962	19280	26906											26264	20012	16046	16330	35402	26204	27136	23050	20286	23262										
L-Proline	4256	2386	3296	3064	3520	2990	3646	4356	3810	4182	694	364	764			602	250	964	892	554	3200	1272		846	2654		1584	2512	1494	2094	452	704		552	432	706	510	558	962	572	1442	254	1238	2206	1910	636	1340	2494	938	774	558	780	488		542	916	752	376	768	478
L-Tryptophan	27692	19994	29482	22254	25272	24192	22634	26782	25326	27104											30818	12254	4836	17930	13888	5688	24968	20624	18680	23238											20554	16488	13860	15216	21034	18924	25664	22490	15814	22276										
L-Valine	2200	1850	2278	1894	2852	1912	1166	2264	2744	2338											1658	846	796	1190	1836	624	2116	1374	1534	1218											2218	2416		1620	1768	1956	1846	1406	1490	2158										
m-Coumaric acid	1140	1046	1740	1224	1116	914	782	1412	1294	1292	1398	894	1048	1398	1508	1098	1132	1364	1068	1108	1662	1042	1538	698	1324	1264	926	2278	848	1100	1156	1234	1328	1604	1092	812	788	1128	810	900	1356	1016	1618	1658	1676	1370	1254	1026	1546	1126	1658	916	944		1370	1204	1280	1156	730	1174
Medroxyprogesterone	532	470	538	634	428	496	514	490	774	324	436		1028	740	762	1156	898	478	1918	892	274	600	638	624	468	538	596	394	488	462	490	296	394		510		302	506	180	370	546	416	724	496	670	330	278	496	452	304	278	420	476		346	590	470	694	1130	1292
Methylglutaric acid	640	474	432	308	530	670	372	394	134	382											464	270	524	466		422		402	362													472		434		202	310	724	388	354										
Methylhippuric acid	8340	8062	10028	6000	6728	8072	7658	11960	11290	6300											10644	5622	6874	5546	11096	5026	13006	10508	7198	9598											3178	4546	2806	2416	7364	4278	5164	1900	2530	3412										
Methylmalonic acid	808	574	1340	822	2050	330	1206	1242	1108	412											2366	4702	1364	1938	1158	660	1598	2092	1396	1132											1788	934		1096	866	1166	862	1272	830	1038										
Metoprolol	1920	1870	2298	2106	2476	1982	2210	2256	2692	2026											2740	2190	2364		2220	2378	2504	2096	2038	2234											1770	2252	2438	2304	2170	1912	2450	2088	1946	2746										
Monomethyl glutaric acid												288		424	664	676	536		490	548												578		590	814			682	446	336											1246	596	528	488	748	1432		280	816	1006
Myristic acid	288	590	448	674	316	404	450	430	532	304											292	578	492	670	508	476	380	464	346	352											350	878	984	598	504	728	336	410	358	432										
N1-Acetylspermine	996	1534	1060	1454	1850	1678	1942	1096	1704	1414	2706	13370	10170	22186	8502	15256	8430	5084	1694	6740	2042	948	574	994	1992	1170	1614	752	636	746					2052						1856	976			1654	3652	1056	644	1482	380	1484	404	1400		5322	21234			1182	2414
N6-Acetyl-L-lysine		526	250	804	556	524	440	440	630	552	270	830	558	606		680	658	726	428	458	742	250			484		204	478	314		1300		476	504		374	236	280	268	378	1100				752	1074		292	518	1384	662	340	596		572	794		580		584
N-Acetyl-L-alanine	712	356	622	518	532	990	592	722	1042	1246											998				820		696	568	260	428											716		444		972	1100	590	408	514	762										
N-Acetyl-L-aspartic acid	596	662	830	652	692	634	800	582	900	874											878		398	488	738	508	668	588	796	862											470		360	730	450	538	806		356	444										
N-Acetyl-L-phenylalanine	2890	1682	2910	2244	1160	9374	1486	1958	1490	900											406	322		712			222	622	332	532											422	322		574	394	342		262		478										
N-Acetyl-L-tyrosine	246	1122	1348	1338		692		922	1382	1114	242	706	698	384	588			516	368					766	1170		1472	700		562		386		560	1320		1186	354			1064		252	686	1074	1338	1026	912	890	1366	2014	760	858	1410	1618	2326	1110	312	652	1308
N-Acetylputrescine	426	410	370	744	478	360		366	236	376											248			224	450		438														1448	360	250	824	904	1144	1278		766	1002										
NADH	20152	16156	20308	23366	22150	9758		15950	12310	14660											6484	2764	11218	26036	6152	3792	4902	2156	20394	4188											3648				1964	2476	1628	2730	4178	10536										
Naproxen	1192	1174	1040		1388	1122		1036	1184	1180												1144		758	2056	514	1708	744	920	438											2214	1866	2170	2544	3046	2874	2636	1350	1936	1662										
Niacinamide	105860	119442	119766	52126	108816	103218	47326		113042	89288			636	2206	1352	664	9014	1274	1196		69672	77382	54312	70168	113392	36832		89986	92782	45674		146					2996		1046	1386	21518	87284	22272	46226	102428	114576	34390	56596	21226	20772	512				668		3686	1506	1360	1770
Nicotinamide ribotide	586	576	684	270	426	326	578	470	344												1258	356	886	1048	640	272	920	1102	228	444											1074	808	234	870	888	916	1048	806	502	736										
Nicotinic acid	642	2784	1244	2896	2280	1328		1022	1368	1680											1572	1280		2148	1234	422	2408	2214	1718	908											2674	1776	934	1456	1286	1432	2040													
N-Methyl-a-aminoisobutyric acid	494	612	872	366	898			712	480	454											654	572		1366	768			706	912	964											1074	1928	124	742	856			944	648	410										
N-Methyl-D-aspartic acid	774	608	282	296	654	480	298	580	682	416											1084	1882	1154	618	824		640	376	330	232											1950	1824	334	1078	1050	980	1234	662	1190	1484										
N-Methylhydantoin											560	482	748	636	822	406	764	438	792												418		508	344	452																512		704			946		236	440	1094
Normetanephrine	6780	7412	6816	5364	4108	3862	3558	5032	4814	6676											3778	1170	1742	5558	8938	1820	8590	2742	2490	4164											8676	1286	2340	4526	9004	11730	10192	3636	5426	15172										
Nutriacholic acid	25776	25996	23442	21996	101618	25428	24710	25410	28286	26408	73074	278934	290940	355956	299608	325772	213724	72024	74204	118006	25950	26356	24660	33312	24362	22568	24088	23548	22262	30814	81918	28360	27546	34442	22566	26944	2208	1970	752	1606	29064	24108	22820	30298	25596	25650	23470	23660	23224	24236	295704	31856	48326	28648	28578	245154	10398	17220	170682	129362
Oleic acid	346		518	376	490	264	450		456	416	286		482	396	498	528	434	640	624	394	440	472	504	522	668	536		504	536	368	280	416	646	372	490	340	300	292	364		438	522	348	668	580	534	582	430	394	286	262	372	384	462	192	562	400	262	196	354
O-Phosphoethanolamine	1308	1196	1604	1078	1156	1006	998	1362	876	1272	816	760	762	648	770	552	592	508	646	576	1174	1164	1474	1304	1292	1188	1172	1514	1364	870	680	862	676	858	968	712	764	718	976	906	1068	934	1404	1430	946	1178	916	888	1540	750	694	734	770	522	918	676	750	1026	616	500
Ornithine	662	236	254		524	382	418	468	240	318											340	420	440	242	260	546	240	360	474	542											492	510	286	336	308	382	512	396	324	642										
o-Tyrosine	302	376		342		242	372	420	440												492	1476	552	806	370		316	416	342	336											692	1120	420		418	570	590	488	348	492										
Oxalacetic acid	646	692		658	542	498	574	646	510	636	534	246	510	478	524	398	146	430	790	254	482	412	540	658	602	742	540	612	596	1094	596	178	344		192		634	346	272	228	344	506		622	512	420	704	742	570	514	486	528	500	394	298	364	406	408	442	348
Oxoglutaric acid	1064	1410	524	1126	276	606		640	450	1112											426	650	578		1330		1336	436	440												830	1056		1504	978	1896		570	1202											
Oxypurinol	2080	2010	2392	2192	2258	2238			2924												1322	598	1102	1980	1688	560	1940	2530		2600											2690	888		2400	1402			1946	1516	2116										
p-Aminobenzoic acid	988	816	656	1054	1158	1000	1274	900	884	1254											992	564	668	506	1024	606	1436	816	760	734											1224	744	1192	730	1180	1312	1898	916	1442	1356										
Pantothenic acid	75222	77022	86342	78598	65082	50944	50892	63296	66882	67924											51968	14542	18156	63844	95940	16890	94260	38076	37386	59084											80608	21794	28076	58896	96148	99628	92522	43980	68702	127758										
p-Cresol	776	696	472	484	486	554		510	534	658											538	332			800	348	468	426	566	384												360		520	364	582		704												
Pelargonic acid	566	410	516	838	720	678	586	426	348	602												318	438	522	592	354	408	492		552											528	426	518	774	920	540		632	748	542										
Pentadecanoic acid	216	382	380	264	360	300	306	346	384	658											368	374	412	414	272	404	170	316	322	142											264	282	354	210	762	542		136	260	388										
Perillic acid	594	720	694	632	782	722	964	790	778	670	1116	1002	1004	812	738	812	984	940	720	870	890	590	638	570	568	620	678	454	598	524	1026	1044	1030	726	756	962	924	984	738	896	440	524	728	640	516	626	856	744	694	630	798	792	680	836	660	974	1014	752	1034	816
Perillyl alcohol	452	382	342	402	512		726	678	288			480	400			470	316		586	502		438	576	458	346	424	388	464	622			436	608	422	506	442	444	408	590		454	476	696	606	304		708	380	500	462		406	524	382	366	348	440	468	326	214
Phenol	1428	1398	1650		1270	1314		1520	1298	1902												866	536	1080	1130		1808	1192	1448	1212												958		1192	1256	1138		1302												
Phenylacetaldehyde		284	404	296	554	532	502			414	1016	1000	1058	1446	844	1222	1104	878	734	1398	1510	3052	2212	2220	1902	1144	1680	1856	1430	2312	710	1512	1794	1860	2238	1012	1030	1390	1316	1158	1516	1042	1436	2236	2064	1394	1410	1580	1864	2300	1742	1496	2020	1642	2056	2136	1660	864	1390	2672
Phosphocreatine		518	512	250		320	510		238													122	198	388	1036		602	326													900	778	742	710	2012	1192	688	316	1014	1062										
Phosphoric acid	392	238	258		308	350	286	478	242	236												370	172	340	232	234	186	228	396												196	360		534	364	564	446	456		906										
Pipecolic acid	1014	588	1168	680	766	990	842	1024	914	922											590				230			706	732	996														250				708	360											
p-Octopamine	2086	1398	2112	1132	1386	2342	1822	2854	3376	2512											2764	894	758	2052	1122	1148	2048	2314	1514	2448											856	922		1182	1226	1154	1082	1584	604	1064										
Pregnenolone	672	762	592	668	872	894		798	728												404		826	998	782	926	782	588	624	576																1242														
Progesterone	342	558	512	484	680	330	322			436		1172	914	934	1198	1306	450	736		608	550	516	358	418		358		560	534	666	304	1382	1932	1752	756						414		518	396		436	366	478			678	1056	1204	1998	1032	1136	686	902	372	
Propranolol	140			226		470	558	216		266											746			162			378	596		1326											2004		482	662	1106	1734	3182	1250	1880	2378										
Pyridine	1544	1228	1266	1870	936	1948	2360	994	1256	2106	336			772	762	796	486	446	486	400	1614			652	1162		1494	966	712	442	714		780			664	340	228	488	300	5984	1242	2060	2402	2688	3742	3030	794	2488	4036		662	742			718		728	656	666
Pyridoxal	638	686	680		560	860	792	532	574	458	1426		1182	324	404	648	806	996	638	426	1342	890		666	1984		1364	1314		1408	482	622		540		690	640	758	1902		2656	422	904	934	2482	1878	1762	1052	1574	1816	434	4366	840		860	572	602	848	1172	654
Pyridoxal 5^-phosphate						892															1270	532	494	440	2412			578		818											1320	272		3052	4862	18264	952	1578	1548	1128										
Pyridoxine	1134	1360	1726		1554	1358		1752	1718	1090												804		1666	1344		1410	2174	1198	1968												988			892	970														
Pyroglutamic acid	564		508	498	624	402	602	678	776	288											734	618	416	732	744		582	468	350	672											574	1172				304	432	1036	508	586										
Pyrrolidonecarboxylic acid	300		326	186	322	316	220		284	338											342	336	160		1286		890			660											548	878	466	612	754	598	352	184	256	198										
Quercetin	512	642	688	1024	626	828	644	604	684	708											1206	444	438	776	700	630	770	962	580	1060											724	646		568	368	524	494		878	542										
Quinaldic acid	7560	9978	12732	7782	10828	7934	7402	12860	9996	10178											12846	2902	3866	7390	7772	7080	9490	11036	9714	10400											6894	5078	3096	7126	10268	4716	9356	9096	5382	5226										
Riboflavin	6124	6362	6960	5172	4012	7550	7618	8314	7170	7104											7562	2850	2050		3638	2706	3440	5112	4166	4828											4620	1914	2512	2936	3624	3722	4396	4702	3356	4312										
Ribothymidine	582	522	554	562	776	526	598	622	670	882	548	542		412	388	558			648	316	528	672		686	552	542	846	824	1110	536	492	590	606	534	524		568	336	446		558	694	652	800	556	556	720	644	918	432	460	468	712	608	682		498			364
Saccharopine	1710	2252	1358	1470	1554	1242		1482	2170	2130	910	1020	1148	834	938	1222	862	1064	1176	860	1642		1284	1630	1628	1148	1540	1218		1538	1056	1474	1450	1766	1218	1214	792	1006	834	1276	1678	1252	1590	1272	1724	1546	1550	1140	1250	1524	1062	1624	1134		1052	956	816	1444	1372	830
S-Adenosylhomocysteine	24496	15136	18582	7568	10320	63616	380	36300	39624	21642											706	5784	1740	3168	23898	380	15558	29876	9916	42598												3340		21966	81608	113006		27666	456											
Sepiapterin		292	474	432		262		400	538	326														344	520		708		240	762														1562	3280	5544		2084												
Spermine	2318	6882	9848	6338	8396	5352	14344	5452	10326	4722											14628	10098	9016	9968	10266	5058	5830	9224	2572	4122											34790	11550	8494	15292	17388	36026	9516	5918	7830	33906										
Sphinganine		784	470	584	590	860	548		330	448	46392	107990	86672	79066	98736	64786	94328	59716	61008	67058	2704	15094	10534	41152	7538	5214	4188	5488	1312	2680	33246	1298	1114	1358	39026	2814		9208	4052	3650	1712	8720	2412	29662	3148	7934	3662	4864	590	1670	101272	8726	47966	47488	21590	419078	5330	2770	84310	122038
Sphingosine	598	764	658	430	1006	628	694	598	444	688	720	1456	1436	1342	1450	1352	824	1446	1176	1192	490	666	548	1030	766	472	574	512	400	394	1212	802	544	956	724	994	686	600	644	582	642	844	488	848	864	696	504	520	502	412	2154	866	1022	790	872		654	596	1260	1476
Stearic acid											728	954	1016	830		1498	966	698	648	1040											618																				914					858			550	836
Succinylacetone	10164	8378	8810	5360	3882	5024		7480	7758	9864											4950	1966	2420	4824	4558	1712	7920	4546	2122	4536											5810	4852		3982	8090	10330	7056	2698	4160	10656										
Symmetric dimethylarginine	1704	1758	1936	1352	1498	1226	1452	1940	2766	2024											1472	490	706	1106	782	676	1308	1266	1394	1390											2826	638		1432	1486	2278	2468	1876	2468	3486										
Syringic acid	1464	1628	1450	1454	1518	1742	2028	1820	1536	2014	832	918	802	1344	750	852	598	1180	804	982	1418					446	400	898	990	1132	952		272				522	588	802	814	570						322	1208	1786	664	470				438	354	548	928	596	440
Taurine	338	400	268	290	418	514	314	316	286	750											270	366	276	206	416	542	262	454	278	338											276	236	272	234	336	386	514	392	318	424										
Terephthalic acid											718	2102	2464	3250	2366	2790	2672	842	1068	1452											1062																				3376					1288			848	
TG(10:0/10:0/10:0)[iso]	320	324		510	390	354	292		336	228											352	332	272	480	408	458	402	222													128	358	568	404	442	308			290	444										
Threonic acid	2600	9002	8748	4428	11272	1706	3660	4770	4978	2504											13562	7316	9612	21096	9692	5246	10186	16426	8358	8170											29366	1756			10894	14534	8200	10836	5720	9126										
Thymine	996	1936	1260	1442	842	1108	1156	1388	1140	952											1532	1074	1500	1406	1456	1248	930	1106	1246	1044											1120	1732	1468	1462	1752	1348	1186	850	962	652										
Tiglylglycine	482	580	604	538	650	478	546	760	530	550											1050	400	214	1020	1062	534	552	984	978	500											420	706	430	428	640	358	292	502	618	386										
Traumatic acid	1114	1192	1488	1386	1080	1232	1342	878	1360	1108	4422	3194	4310	5678	4730	6060	3598	5408	4464	3424	966	1782	1078	980	1250	1084	1188	1056	930	1222	6002	6100	6796	6332	5442	4338	6184	4606	4552	4776	1028	984	1374	1370	1202	1406	1628	1298	1340	1270	3568	7160	6412	3900	6108	5338	5850	5160	3538	3508
Trimethylamine	53784	34784	38016	46420	26684	31440	28114	47074	50306	70574											29800	11140	10422	7410	12510	5664	23608	13768	18396	7816											35830	19344	10010	4704	26272	26484	16242	16966	34670	26156										
Tyramine	1398	1354	836	1306	1350	1122	620	1250	1394	1896	1310	770	1118	816		2394	874	1320	1568	430	1884	1576	1296	1248	1830	1614	858	1908	2046	830	1158	1766		1060	2102	1388	1928	2280	1792	1036	452		2214	2144	1604	1288	396	1920		740	1010	3344	2606		1418	1092	1638	1140	1124	712
Umbelliferone	16666	14868	15100	12024	11034	22514	14120	22634	21510	18832											17686	2986		416	4262	562	2996	6404	14258	17596											2192		372		600	1080		512	2558	1428										
Ureidosuccinic acid	1542	1332	1266	1452	1148	1754	1258	1204	998	1670											1308	1210	1122	1366	1264	1406	978	1706	976	974											1800	1166	1132	1056	1004	1552	1144	1038	1382	1648										
Uric acid	1872	1600	2550		638	1134		1974	1754	2188											528		740	1374	1142	2060	2204	1398	1562	4604												920		1936	1976	1040	494			414										
Uridine	27978	35106	32108	28658	32682	30120	28232	29820	31492	35138	25608	25460	26422	21136	23330	26370	24112	22662	21384	20876	32660	31872	27998	32208	32948	32174	27510	30644	31096	30926	25100	32326	32818	36736	31426	25520	27396	27344	27190	27094	29388	31646	31676	33014	34020	32486	33560	31728	33426	31158	20096	28532	29062	30702	29486	29270	23196	29342	24950	19070
Uridine 5^-monophosphate	1334	682	832	1726	1024	914	578	872	734	1250											590	502		344	1366		1096	682	654	362											2856	326		1902	1892	2074	1616	518	1596	2608										
Vaccenic acid	428	618	486	786	724	488	702	648	704	384	1322	2144	1090	1514	3120	2752	2052	1852	1368	2362	610	610	822	580	550	796	546	398	446	452	742										506	570	504	810	912	524	636	878	508	632	1650								1336	1542
Xanthine	960	830	1504	1472	1472	1108	1142	944	1420	1272											1054	970	1622	1286	2820		1788	1272	720	1002											4980	706	540	1424	578	4526	856	1280	772	2784										
Xanthosine	1494	1236	1086	846	994	738	1026	1430	1290	1534											1506							788													610	184			484			640	1032	784										
																																																												
